1000
1.4872 1.0556
1.0004 2.3216
1.8358 1.6894
1.4613 2.1074
1.2129 2.9058
1.7366 1.7986
2.5265 2.3401
2.3200 2.4680
2.1050 2.9516
2.2211 2.4817
1.2865 1.4895
1.0479 2.2564
2.1736 1.3853
1.0894 2.7913
2.3589 2.9106
2.3523 2.3008
1.5885 2.5570
1.1878 2.3424
2.4694 2.0380
1.6303 2.8832
2.7691 1.8148
1.1325 2.7173
1.4474 1.0427
2.7500 2.4433
2.0337 1.0525
1.1190 1.1993
2.3076 1.9159
2.3332 2.1237
2.8941 1.7564
2.9726 2.0761
2.9141 2.2462
2.6129 1.2702
2.2719 1.2750
1.7230 2.7752
1.1352 2.5401
2.8174 1.5302
2.3970 2.5586
1.9880 2.1462
2.8779 2.7668
2.6858 2.0586
1.9677 1.3320
2.3868 2.0127
1.3461 1.9119
1.3846 2.1820
2.3408 2.1869
2.5182 2.0350
1.4520 1.7918
1.8726 1.4608
2.1186 1.9832
2.1978 2.2940
1.1476 2.0436
1.6994 2.5300
2.2931 2.0348
1.9556 1.2196
2.4645 2.7228
1.6049 1.4159
1.7932 2.9649
1.9498 2.3293
1.7594 2.6974
1.2217 2.9817
1.4907 2.0949
1.5879 1.2417
1.3985 1.8182
1.3071 1.2663
1.4209 1.1272
2.8684 1.6500
2.8263 1.2588
2.4055 2.4839
1.1928 2.5821
1.3378 1.5673
2.0680 1.0615
1.3369 2.6100
2.4990 1.8090
2.2259 1.2826
1.7774 1.6678
2.3283 1.6510
2.7527 2.4316
2.3578 1.4548
2.2713 1.8548
2.1201 1.2979
1.9482 2.2379
1.8022 1.2278
2.7975 2.8778
2.4145 2.0652
1.9607 1.5405
2.7251 1.8287
2.0458 1.0242
1.3365 1.2352
2.9700 2.4679
2.2979 2.6723
2.3434 2.5855
1.6140 1.4494
1.2044 2.1965
2.0849 2.8792
2.8871 2.3520
2.6274 2.0061
2.0088 1.0988
1.3234 2.2173
1.5205 2.4401
1.6398 1.2804
1.6137 1.6258
2.3754 2.0771
1.4414 1.2859
1.6622 2.2036
2.7329 2.3284
1.5237 2.7797
1.0462 2.8896
2.1986 2.8906
2.0121 2.1763
2.7447 1.4253
1.0853 1.6912
1.5645 1.7669
2.5278 1.6872
2.5812 2.7403
1.3668 2.6726
1.7288 1.6298
2.8349 1.4097
1.3420 2.1574
2.7774 2.8967
1.0598 2.2717
1.8644 1.3589
2.6200 2.4654
1.6487 2.9898
2.0292 2.5158
1.8746 1.7171
2.6974 2.0823
1.1653 2.5828
2.4836 1.2414
1.6571 1.4462
1.7876 1.9371
1.5630 2.4989
1.6085 1.8700
1.1868 2.5058
2.4297 1.9535
2.7638 2.6064
1.6308 2.1128
1.7731 2.8151
2.1576 1.4260
1.9042 1.4840
2.6189 2.0584
1.1540 1.3604
1.9858 1.2262
2.2197 2.3130
2.1255 1.0285
1.3517 1.6952
2.1939 1.8854
2.0507 2.3205
2.3809 2.2099
1.3114 2.5919
2.1671 2.6297
1.5360 2.4763
2.4442 1.5493
2.3957 1.3341
1.5367 1.1957
2.6703 1.4414
2.2467 2.7095
2.0953 2.8330
2.4191 2.8994
2.5729 1.4483
2.5008 1.9470
1.6694 1.2455
1.8752 1.0083
2.6411 2.1638
2.9971 2.4784
1.2047 2.0064
2.5650 1.3169
1.6727 1.0821
2.2079 2.3792
2.8999 2.6860
2.7641 1.9061
1.7545 1.3857
2.3516 2.1790
1.4939 2.0906
1.8690 2.1649
2.6871 1.0182
2.2294 1.0827
2.2899 1.3050
2.6715 1.8983
2.8751 1.4275
2.8571 2.5266
1.2732 2.7966
1.2166 2.4925
2.5505 2.2169
2.0275 1.8975
1.8991 1.2154
2.3284 1.5809
1.6411 2.7089
2.0798 2.8836
2.6892 2.3371
2.3470 2.1321
2.1420 1.1464
2.1170 1.5375
1.2173 2.0927
1.3524 1.6259
1.6182 1.8088
2.2960 1.7842
1.2146 1.5645
1.5741 2.9260
1.3762 1.6588
1.8042 2.2134
1.9333 2.6921
1.8611 2.7956
1.8807 2.5182
2.6636 2.2269
1.5924 2.2846
2.8384 1.7052
2.3579 2.1771
1.0859 1.1377
2.5080 2.6682
2.2751 2.7132
1.8871 1.7256
1.0786 1.3201
2.8039 2.5074
2.0742 2.9629
2.5481 1.1958
1.2991 2.1002
2.7566 2.8012
1.8600 2.2416
1.0049 2.8758
1.8232 2.2405
1.1276 2.8287
1.3293 2.6243
1.0704 1.8738
1.5783 1.7754
1.0966 1.7122
2.2827 1.7995
2.3318 2.9761
1.5391 2.7204
1.0970 1.9187
1.9627 1.8822
1.5173 2.9069
1.2664 1.8720
1.1752 2.1685
2.6184 1.5781
1.9176 1.0653
1.4208 2.5767
2.2592 1.1813
1.2467 2.8851
1.4327 2.6097
1.3048 2.4910
1.1501 1.6523
2.5157 2.8647
2.9395 1.2714
1.6410 1.9450
2.7126 2.0859
1.5956 1.8858
1.4019 1.0701
2.6160 2.2860
2.3738 2.4894
2.5800 1.6854
2.4719 2.0750
1.2386 2.1782
1.9379 1.6285
2.7546 2.4931
2.2467 1.7676
2.3912 1.4799
2.6313 1.9004
2.0658 2.4643
1.3696 1.7465
1.7015 1.3347
1.6529 1.7383
2.4898 1.4096
1.2535 2.5633
1.0118 1.3783
1.4485 1.4143
2.9951 2.7180
1.9243 1.7353
1.3603 2.8160
2.9982 1.5631
1.0083 1.2772
2.9202 2.7474
2.5741 2.2651
1.2703 2.0173
1.0059 2.6344
1.9569 2.5443
1.5906 1.6147
1.9194 2.0624
2.1420 1.2425
1.1393 2.2538
2.6523 1.4819
1.0304 2.4708
2.3432 2.0857
1.1745 1.3463
2.0281 2.8082
1.7215 1.4933
1.3767 2.9773
2.1194 2.1756
1.4966 1.4250
2.8842 2.0745
1.2653 1.6022
1.5104 2.1908
1.4889 2.1055
2.6325 1.8595
1.9255 1.0853
1.5302 2.3466
1.7721 2.7090
1.9411 2.3157
1.6204 1.9379
2.3836 1.5667
2.2285 1.7902
1.0721 2.8679
2.8321 1.2764
2.9814 2.5287
2.2392 2.4209
1.5302 1.2479
2.9694 2.8753
1.7180 2.3669
2.7526 2.6623
1.8588 2.0729
1.9116 1.8490
2.6591 2.6912
2.4990 2.0035
2.8595 1.8237
2.0331 2.7600
1.5596 2.1872
1.0328 1.7110
2.6583 1.5784
1.3436 2.1416
2.5653 1.8656
1.9664 2.3485
2.7593 1.6388
2.1500 2.9708
2.5475 1.5241
1.5071 2.5190
1.0639 2.5806
1.6777 2.4564
2.7962 2.2313
2.3660 2.0560
2.7280 1.5091
2.2880 2.5748
2.1585 2.9151
1.7872 2.8960
1.5473 2.9141
2.2906 2.7225
1.0268 2.2019
2.6880 1.5327
2.5410 1.2267
1.9441 2.8769
2.9450 2.7746
2.1266 1.7879
2.1774 1.4775
2.2532 2.4790
1.4169 2.6653
2.1162 1.3348
1.5876 2.7347
2.5313 2.9516
2.4926 1.0741
2.1931 1.8029
1.6941 2.2068
1.1723 2.6450
1.0294 1.9751
2.8336 1.6784
2.1514 2.7535
2.0985 1.2992
2.1311 1.9408
2.8492 1.6690
2.1986 2.0489
1.8099 1.9990
2.9402 1.5142
2.1636 1.8682
1.3703 2.5815
2.6246 1.7933
1.3113 2.1258
1.0883 2.9693
2.7802 1.1246
1.1038 2.8699
2.2536 2.4983
1.2659 1.0890
1.8827 1.0906
2.7957 1.2027
2.7232 1.0341
2.5945 2.8665
2.8411 2.1234
1.1849 2.0131
1.8000 1.6833
2.2822 1.4949
2.9599 2.4335
2.2992 1.6534
1.7856 1.5942
2.9799 2.5588
2.4459 1.9505
2.6051 2.4011
2.3678 2.9497
1.7314 1.7653
1.5206 1.0849
1.6147 1.1797
1.4543 2.5437
2.0899 2.5834
1.3168 2.5115
2.2948 1.9026
1.9409 2.8038
2.9909 1.5682
1.6305 2.3856
1.7269 2.3490
1.3652 2.9349
1.0167 2.4123
1.7476 1.2889
1.1901 1.7224
1.4323 1.6072
2.8327 2.5199
2.1245 1.9641
1.9350 2.9442
1.8343 2.4846
1.8623 1.2443
1.2344 2.9279
2.2602 1.2513
2.6219 2.3292
1.6333 1.0181
2.4310 2.0719
2.0231 2.5509
1.2669 2.5685
2.5306 1.2818
2.8005 2.2949
2.8172 2.8167
2.1792 2.6649
2.9569 2.9567
2.8139 2.8466
1.9729 1.4789
2.8961 2.2777
1.6224 2.4296
2.8880 2.8015
2.7564 2.2119
1.2677 2.3835
1.1939 1.7101
1.2834 1.3110
1.1163 2.2488
2.9825 1.2280
2.5167 2.3342
2.7331 2.8405
2.4854 2.4818
1.5160 1.6642
2.7506 1.9228
2.9291 2.4938
2.7574 2.8807
2.3155 2.2889
2.6665 1.5285
2.9446 2.8116
2.8821 1.6693
1.9421 1.4328
1.9306 1.3425
2.8665 1.7547
1.6441 2.3887
1.7129 1.4466
2.4184 2.7598
2.4687 2.9100
1.0042 2.4760
2.7155 2.1027
2.2715 2.3273
1.5667 1.4452
2.0020 2.4365
1.6161 2.6021
1.7061 1.9366
2.3148 1.8212
1.4904 2.6558
2.4053 2.4538
1.5102 1.9775
1.3870 1.8962
2.7554 1.9958
1.1710 2.4876
2.2039 1.4277
1.5569 1.1820
1.5835 1.1553
1.8185 2.5232
2.0406 1.0772
1.0134 2.1514
2.1906 2.3446
2.8163 1.2495
1.3239 1.4676
1.9589 2.0861
2.2142 1.1105
2.1222 1.9889
2.8231 2.4586
2.8072 1.6634
2.1503 1.7564
2.6867 1.6324
1.2101 1.6675
1.9434 2.1421
2.3178 1.9392
2.2341 1.4924
1.3274 1.4684
2.6896 1.1133
1.4696 1.4125
2.0093 2.9095
2.2640 1.7976
2.1840 1.5898
1.6580 1.8006
1.0436 2.3779
2.6229 1.4188
1.2826 2.0393
2.5281 1.8233
2.1121 2.5115
1.5196 2.0596
2.3125 1.0867
2.8243 2.7017
1.1145 2.3630
2.6310 2.9362
1.9450 2.6730
1.6934 2.2019
2.3153 2.1533
2.9536 1.3065
2.3880 2.8829
1.0015 2.8911
1.7490 1.6284
1.1188 1.0673
1.9400 2.8217
2.1910 1.5330
1.5701 2.3667
1.0452 1.8048
2.0567 1.8783
1.6357 1.9750
2.0585 1.6885
2.5306 2.1788
1.2793 1.7122
1.3168 2.7207
2.3567 2.3228
1.3298 1.9275
1.5914 2.0422
1.4377 2.4443
2.7582 2.2774
1.8240 2.4703
1.0841 1.3860
1.4787 2.9196
2.3689 1.8743
2.1984 2.2191
2.5694 2.9744
1.7147 1.2929
2.1399 1.8091
1.2526 1.2011
2.3530 1.4776
2.3716 1.6599
2.0116 2.3366
1.6501 2.7554
2.6182 2.5209
1.6956 2.3918
1.1459 1.5871
2.4606 2.3383
1.7664 2.4312
1.5985 2.1538
2.5891 1.5572
1.0254 2.3032
2.5100 2.7471
2.6437 1.0273
2.1222 2.0049
2.2056 2.9201
1.5414 1.4059
1.7840 1.3874
1.6377 1.2215
2.2120 2.8680
1.8025 1.6335
1.3166 2.0480
1.6846 1.4936
1.5152 1.1673
2.7550 1.8963
1.1345 2.1683
2.5469 2.1193
1.6481 1.7481
2.1194 1.3392
2.1696 1.1992
1.9779 2.3832
1.7231 2.2247
2.9400 2.2920
1.1462 2.1180
1.2621 1.6209
2.9816 1.9276
1.4897 2.3354
1.7423 2.8148
2.7307 2.7640
1.1791 1.2570
1.6133 1.0896
1.7592 1.6403
1.3795 2.0967
1.1503 2.3210
1.2849 2.4110
1.5019 2.1520
2.3511 2.8076
1.7655 2.6652
2.8760 2.1631
1.1520 1.7940
1.7290 1.4664
2.0665 2.8372
2.6359 2.1226
2.2818 2.9273
1.1947 2.9019
1.6671 1.9839
2.3300 1.5391
2.8842 1.9653
2.9907 1.3507
1.8103 1.8951
2.6367 2.3913
2.6746 2.9070
1.3413 2.7493
2.1975 1.7363
1.6712 2.8650
2.2466 1.0685
1.5128 1.3318
2.4377 2.0124
1.4874 2.9970
1.5013 1.8125
1.1617 1.3589
1.5856 2.2164
2.2512 2.6812
1.8255 1.0539
1.9420 2.5933
2.4526 1.1110
2.5082 1.3094
1.7601 2.4454
2.5484 1.9743
1.2086 2.4034
1.6279 2.9770
1.5020 2.9513
2.7351 1.1977
2.3466 1.6729
2.9963 1.6692
1.7797 1.7811
1.9997 1.7778
1.7285 2.4769
2.7789 2.1835
2.1220 2.1002
2.4170 2.2527
2.6007 1.1279
1.1860 2.1086
1.7103 2.1970
1.0127 2.5777
1.9759 2.6238
1.7855 1.9116
2.8428 2.6320
1.1718 1.3903
2.4305 1.3194
2.9646 2.1587
1.0784 1.7729
2.6577 2.8987
1.7643 1.9630
2.4833 2.4804
1.0017 1.2811
1.6062 2.1235
2.4253 2.0973
1.7012 1.0151
2.1819 1.2989
2.7601 2.8012
1.3663 1.4732
1.3252 1.5520
1.6692 2.1902
2.1902 1.4483
1.3435 2.0555
1.8154 1.8472
1.5959 1.7626
1.9410 2.3692
2.1613 2.3108
1.6885 1.4965
2.8567 2.5267
2.5718 2.5925
1.6883 2.2691
2.6381 1.8470
1.6702 1.4313
2.8431 1.3699
1.7751 2.3480
2.9142 1.6469
2.9574 1.4396
1.6796 1.5639
2.0925 1.1867
2.6650 1.8054
2.0917 2.4552
1.1089 2.3493
2.3305 2.1711
2.7690 2.7954
1.1646 1.9287
1.5323 1.6249
2.5424 2.2068
2.3194 1.2924
2.5013 1.9231
2.8740 1.7181
2.4268 1.2176
1.8700 1.4712
2.5973 1.0213
1.1612 1.9158
1.7596 2.8350
1.9076 2.1039
1.5138 2.6277
2.9701 1.4453
2.9150 1.1093
2.5579 2.9553
1.0442 2.2841
1.6418 1.7442
2.4112 1.0021
1.2308 1.2928
1.4083 1.5932
2.5272 2.0205
1.7524 1.7045
2.7524 1.7351
2.3078 2.4031
2.6901 1.9937
2.3169 2.0668
1.4282 1.8506
2.9412 1.2111
1.0054 1.6124
1.5975 2.4062
2.7299 1.0052
2.0819 2.8784
2.5538 1.0867
2.0226 2.6933
2.3895 1.2342
2.9327 2.0537
1.5394 1.9911
1.6909 2.5276
2.5548 1.5174
1.3491 2.6796
1.3823 2.2834
1.6120 1.4559
1.2217 1.9768
1.9827 2.8228
2.0351 2.9119
1.7675 1.6705
1.0165 2.3370
2.7288 1.8063
2.3134 2.6138
1.6321 2.8748
1.0792 2.0315
1.3691 2.2109
2.5596 1.7030
2.4844 1.5268
1.4969 1.1301
1.0070 1.4441
2.4356 1.1740
1.6312 2.6066
2.9549 2.0297
1.7061 2.6905
1.3571 2.2462
2.2360 1.6946
1.5776 1.9982
1.7640 1.6949
2.7806 2.6973
1.3044 1.8082
1.5827 1.2592
2.1030 2.5477
2.7245 2.7180
1.8037 2.2897
2.9276 2.4739
1.6712 2.9427
1.3524 2.6165
1.3091 1.1094
2.6160 1.8387
2.7758 2.9646
1.3500 1.2313
1.8731 1.4627
2.1580 1.1426
2.0956 2.8342
2.3388 2.6441
1.1450 2.0697
2.0042 2.6157
1.7174 1.5690
1.9134 2.3642
1.0871 1.1143
2.2990 1.4573
1.1787 1.0648
2.9717 2.4501
2.8449 1.8807
2.2842 2.8305
1.8309 2.0437
2.0157 1.9538
1.2629 2.8355
1.4308 2.6099
1.1411 1.9668
1.9934 2.0164
2.5821 2.0067
2.6679 2.9903
1.8510 2.3855
1.8531 2.1801
2.2562 1.9929
2.4648 1.6236
2.5011 2.7746
1.3274 2.7481
2.3030 2.5243
1.1500 1.5355
2.1971 1.0801
2.7967 1.0325
2.7073 1.1300
1.9025 1.7559
2.2139 1.0201
2.1679 1.0788
2.4267 2.7246
2.6100 1.0934
2.3375 2.0703
2.3980 2.4285
2.5667 1.6196
2.8003 1.0346
1.5415 1.8142
1.6190 2.9230
1.6862 1.5621
1.8973 1.3240
1.7236 1.5267
1.6331 2.3876
1.3030 1.0073
1.8066 2.0923
1.4561 2.1660
1.1713 2.7159
1.3749 1.3920
1.5106 2.8671
2.0331 2.4572
2.6850 2.2591
1.3742 1.4744
2.9423 2.5473
2.1929 2.8666
1.7205 1.5886
2.3323 2.5734
1.5062 1.2655
1.5210 1.9388
2.8948 1.3599
2.5401 2.8317
2.2945 2.0453
1.7634 1.3870
1.8339 1.1696
2.8152 1.9874
2.7034 1.3520
2.6321 2.2997
1.3231 1.6650
2.9646 1.5980
1.3114 2.6037
2.8068 1.6321
2.8189 2.8075
2.5078 2.1753
1.5604 2.9113
2.8935 2.0328
2.8646 2.7889
1.0108 1.3267
2.8428 2.5325
1.4051 1.9902
1.0375 2.5296
2.2087 2.9429
1.4862 1.5989
1.1872 1.5962
1.6571 2.5284
1.0686 2.7216
2.2876 1.7787
1.9003 2.8734
2.9824 1.3737
1.5422 1.2501
1.9293 2.1791
2.0430 1.5748
2.6086 2.2754
2.0307 1.8824
2.1997 1.2227
1.1135 1.5663
2.8908 1.3680
1.4019 1.1210
1.2839 2.4096
2.0424 1.2736
1.4073 2.9528
1.7696 1.5871
2.4047 2.0548
1.6480 1.4376
2.6924 1.0011
1.4155 2.2659
1.9926 2.2435
1.7535 2.7194
1.7282 1.7137
2.0280 1.6853
1.5898 2.3290
2.1569 2.9476
2.8917 1.1856
1.5323 1.9536
2.2963 2.8327
2.8548 1.1750
1.5232 1.9636
2.7460 1.7023
2.4695 1.9205
2.1569 1.0381
2.3613 1.6232
1.6364 1.2138
2.1041 2.7192
2.9768 2.4668
1.0794 1.8770
2.1685 1.3245
1.2348 2.0818
2.4832 2.3730
2.1818 2.9760
1.0558 1.0749
2.2580 2.8498
1.4242 1.0301
2.0209 1.4426
2.8520 2.5470
2.1739 1.9237
2.0040 2.7421
1.1767 2.7302
1.8344 2.6643
1.4763 1.4470
1.5803 2.2050
2.7563 1.8457
1.3017 2.5393
1.5857 1.2473
2.3692 2.3771
2.5438 2.8044
1.7499 2.1925
1.0263 1.1209
2.4037 2.7428
1.2055 2.4850
2.8639 2.6952
1.5553 1.0040
2.5638 2.2146
1.4436 2.8130
1.3155 1.8848
1.1019 1.2841
2.6606 2.7000
2.2251 1.8647
1.0776 1.4262
1.4085 2.6062
1.5678 1.5616
1.1697 2.4687
1.9666 2.4283
2.9202 1.8831
2.3999 2.2032
1.6325 1.4895
2.9276 1.7103
1.0894 2.0749
1.2401 2.6403
1.5080 1.2595
1.5487 1.8131
2.3498 1.6504
1.7619 2.3268
2.8811 2.0980
2.1190 1.3368
2.6841 1.6623
2.5635 1.6522
1.7774 2.4452
2.8319 2.7769
1.5554 2.9641
1.2738 2.4686
2.3242 2.9556
2.7550 1.4175
2.0351 2.0258
2.2526 1.7998
1.4259 2.8783
2.4381 1.1971
2.2683 1.0315
2.3381 2.1411
1.6498 1.8688
1.9107 1.6733
2.4842 1.3564
1.0828 1.2995
1.1747 1.0068
2.3344 2.2976
2.0962 2.8900
2.3872 2.5120
1.8800 1.1673
1.4902 2.1177
1.8922 1.0191
1.5628 2.2537
1.3318 2.0394
2.5396 1.6306
1.3687 1.6671
2.8507 1.3290
2.3214 1.3834
2.5358 2.8771
1.0373 1.0116
1.6675 1.6692
1.8029 2.4055
1.7601 2.3855
1.9140 2.6503
1.2575 1.8589
1.3374 1.3820
2.2651 2.9538
1.9707 2.0495
1.7016 1.4045
2.0112 1.9265
1.8533 2.7275
1.4492 2.1612
2.2624 1.2982
1.1614 2.3648
1.6094 2.6872
2.5835 2.7459
1.8947 1.3460
2.4980 1.1774
1.8121 2.6700
1.2033 1.1670
1.2366 1.3113
2.9437 2.5431
2.4685 1.9203
2.0673 1.7646
1.4192 2.0720
2.2464 2.7651
1.9076 2.3889
1.8316 1.5626
1.3357 2.3486
2.4718 1.7617
1.8539 2.0509
1.1163 2.0465
1.2829 1.0046
1.3081 1.5380
1.9654 1.8125
1.0255 1.2166
2.3793 2.6442
1.5747 1.6064
1.7958 1.5012
2.1254 1.6777
2.3836 2.7040
2.6097 2.3489
2.5759 1.8393
1.1512 1.5315
1.9928 1.5883
2.4085 1.1070
1.8309 2.7738
